chr1	17345	121116045	86.4237	1
chr1	143897518	145075080	129.527	2
chr1	145075604	225117573	83.6967	1
chr1	225140367	225534378	91.089	2
chr1	225539327	228401444	100.786	2
chr1	228401841	228584624	187.71	3
chr1	228584624	236406816	92.1402	2
chr1	236413163	236979873	96.0807	2
chr1	236987388	237060949	144.638	3
chr1	237167453	244869117	102.987	2
chr1	244999752	245165572	72.8189	1
chr1	245180522	249212605	136.326	2
chr2	41575	5833090	202.307	3
chr2	5833090	21225119	125.874	2
chr2	21225119	23929578	146.86	3
chr2	23974883	25470651	119.553	2
chr2	25470873	26590126	110.166	2
chr2	26596202	27248645	152.208	3
chr2	27248722	27851439	111.555	2
chr2	27851439	29004833	82.9645	1
chr2	29006750	29498113	115.812	2
chr2	29519720	38818815	71.466	1
chr2	38826998	39006385	45.3746	0
chr2	39008628	42472845	72.0211	1
chr2	42483618	43805777	88.9056	2
chr2	43808857	45829262	107.737	2
chr2	45832470	47606220	101.031	2
chr2	47606885	53941731	112.413	3
chr2	53943680	69759316	97.7674	2
chr2	69769623	70377709	73.5888	1
chr2	70387728	74605418	119.688	2
chr2	74617677	74900716	90.6509	1
chr2	74900772	85571313	112.015	2
chr2	85571337	86297437	77.1782	1
chr2	86302117	87016594	93.0228	2
chr2	87016737	88327495	157.6	3
chr2	88327496	89953377	119.486	2
chr2	89975717	90411303	93.1275	1
chr2	95618854	96952653	121.317	2
chr2	96952712	97812272	102.129	2
chr2	97817593	98177335	145.575	3
chr2	98192831	101874286	103.36	2
chr2	101874298	102968428	81.2238	2
chr2	102979091	112773493	114.548	2
chr2	112776965	113994337	93.0707	2
chr2	113999098	131130802	118.075	2
chr2	131220352	133076290	195.136	3
chr2	133174585	135180519	121.897	2
chr2	135185913	153006777	72.897	1
chr2	153032085	163236564	65.0622	1
chr2	163241164	169487565	80.1982	1
chr2	169547519	177465822	99.1464	2
chr2	178077432	178099018	66.413	1
chr2	178284962	179427283	110.106	2
chr2	179427291	179519051	131.472	3
chr2	179519146	179528199	189.632	4
chr2	179528361	179642329	121.356	3
chr2	179642408	183998369	100.23	2
chr2	184016211	186689233	132.619	3
chr2	186692861	187529403	72.1149	1
chr2	187529888	191362484	100.205	2
chr2	191364533	192711674	86.5163	2
chr2	192815014	196913165	112.833	3
chr2	196915886	201950276	94.1057	2
chr2	201983453	202136386	68.6066	1
chr2	202137333	207833104	103.531	2
chr2	207833874	208773324	87.6839	1
chr2	208794589	219029972	114.233	2
chr2	219082170	219269169	112.761	1
chr2	219288470	220037890	127.608	2
chr2	220038037	220264668	118.453	2
chr2	220283162	232879719	127.22	2
chr2	232880196	233208302	170.413	3
chr2	233243646	233273843	323.049	5
chr2	233274006	233409632	202.794	3
chr2	233410231	239757355	155.699	3
chr2	239975133	241570321	225.402	3
chr2	241615938	241815438	327.47	4
chr2	241816918	242206354	215.751	3
chr2	242206966	242275601	100.125	1
chr2	242276771	242842550	219.828	3
chr3	361433	4403982	111.676	2
chr3	4417990	10362771	118.774	2
chr3	10370473	15045537	145.045	2
chr3	15046028	17051975	96.801	2
chr3	17051980	23236906	105.193	2
chr3	23243885	38271256	95.344	2
chr3	38271833	39135551	115.986	2
chr3	39135551	42687494	92.6343	1
chr3	42694737	44975492	107.505	2
chr3	44986637	45978068	95.2342	1
chr3	45979707	46026431	83.8629	1
chr3	46062407	48600585	104.171	2
chr3	48602176	48626463	178.101	2
chr3	48626731	48972402	108.886	1
chr3	48982536	49149269	79.6519	1
chr3	49149316	50307741	106.888	1
chr3	50307841	50396532	81.0556	1
chr3	50402481	52264121	103.759	2
chr3	52264852	52312403	55.6659	1
chr3	52321077	57330499	93.7157	2
chr3	57330849	57509641	98.741	2
chr3	57528393	73114874	84.5678	1
chr3	73432491	89528678	93.3588	2
chr3	93593063	97466432	90.002	2
chr3	97467407	97753850	80.1514	1
chr3	97805992	98217508	128.089	3
chr3	98234577	101540814	86.6096	2
chr3	101568445	101576315	57.6566	1
chr3	102153925	128875548	92.1322	2
chr3	128877321	129814946	84.1919	1
chr3	129816011	131293995	84.7439	2
chr3	131306300	133335799	74.0057	1
chr3	133335981	148802683	90.174	2
chr3	148804069	153202503	83.0911	1
chr3	153203782	161214656	88.0885	2
chr3	161214659	167512626	98.3342	2
chr3	167524993	171455464	87.7843	2
chr3	171455660	172476876	76.0529	1
chr3	172477910	184010065	99.8893	2
chr3	184017028	184062789	96.2778	1
chr3	184063203	186460157	110.363	2
chr3	186461459	186510422	57.9075	1
chr3	186510569	190028068	112.745	2
chr3	190030627	197896742	122.053	2
chr4	85606	499728	123.164	3
chr4	501159	1670511	225.863	3
chr4	1695294	2628322	166.387	3
chr4	2632636	3149954	128.408	2
chr4	3156006	6623027	162.412	3
chr4	6642556	7194884	114.57	2
chr4	7312151	9785121	164.172	3
chr4	9827989	31144498	90.5287	2
chr4	36069503	40753047	87.3636	2
chr4	40762427	41694412	113.039	2
chr4	41747800	44724250	86.8592	2
chr4	46042980	48230647	100.643	2
chr4	48343735	48901969	78.7259	2
chr4	48906475	73176918	104.756	2
chr4	73177982	87812714	96.1687	2
chr4	87869651	88056888	83.4623	1
chr4	88084646	88344200	90.6036	2
chr4	88356110	155487198	106.505	2
chr4	155487616	175598475	116.721	2
chr4	175603918	184243361	139.944	3
chr4	184365918	186347061	114.477	2
chr4	186350534	191010394	145.918	3
chr5	113335	733982	270.808	4
chr5	745275	850759	472.225	7
chr5	864552	1927097	279.471	4
chr5	1931086	32101362	166.05	3
chr5	32108052	45696231	128.35	3
chr5	49695071	137508640	120.405	3
chr5	137513232	139919021	114.712	2
chr5	139921729	140024727	111.345	1
chr5	140025144	140080517	113.512	2
chr5	140081569	140222111	207.533	3
chr5	140222134	140237884	147.236	2
chr5	140237884	140789118	204.447	3
chr5	140789118	140896618	181.106	3
chr5	140898526	143059580	135.084	2
chr5	143191799	146764014	138.663	3
chr5	146773567	151173830	146.544	2
chr5	151175016	158524270	148.28	3
chr5	158526329	159992923	119.464	2
chr5	159996478	172097356	165.11	3
chr5	172110398	172333204	109.382	1
chr5	172336638	173040284	175.396	3
chr5	173043178	173383162	109.992	2
chr5	173416243	176523754	209.965	3
chr5	176524271	177034565	166.765	2
chr5	177035516	179041994	217.379	3
chr5	179042511	179291162	187.508	3
chr5	179292220	180630673	232.44	4
chr5	180631566	180795249	161.822	2
chr6	304600	2749554	114.031	2
chr6	2765834	3015917	86.354	1
chr6	3017094	26017996	109.126	2
chr6	26020684	26285743	65.7299	0
chr6	26365529	27435710	104.779	1
chr6	27440035	27840030	86.0499	1
chr6	27840047	29912070	100.183	2
chr6	29912116	31939487	39.5568	0
chr6	31950126	32023992	155.496	2
chr6	32026061	33403405	55.6743	1
chr6	33405411	37442462	106.474	1
chr6	37443073	41743385	121.354	2
chr6	41744638	44201303	106.883	1
chr6	44216335	44233511	75.7111	1
chr6	44240780	47650465	95.6078	2
chr6	47653564	52052623	100.391	2
chr6	52053821	53847680	86.6553	1
chr6	53883804	55739666	105.519	2
chr6	55922425	57372383	91.4059	2
chr6	62362141	64004971	91.9207	2
chr6	64029796	64394425	52.5863	1
chr6	64394428	66094423	89.4486	2
chr6	66112345	106534494	75.0104	1
chr6	106535691	107016458	59.2652	1
chr6	107019838	160448372	77.3474	1
chr6	160450550	170893711	112.294	2
chr7	19080	5545305	182.531	3
chr7	5553257	5633417	76.8905	1
chr7	5642862	5944927	96.7048	2
chr7	5949643	6018339	198.01	4
chr7	6022428	6864388	135.043	2
chr7	6865680	16744324	100.624	2
chr7	16745663	17382721	71.0847	1
chr7	17833637	24849611	100.899	2
chr7	24854647	30638533	101.431	2
chr7	30639527	30706958	174.526	3
chr7	30721507	56170599	101.556	2
chr7	56891116	57529637	135.221	3
chr7	63081437	75628552	119.222	2
chr7	75630177	77708417	83.5382	1
chr7	77754986	99461341	93.3408	2
chr7	99463505	99905577	79.0237	1
chr7	99906620	99917404	245.374	3
chr7	99917560	100210934	92.2287	1
chr7	100211070	100634053	142	2
chr7	100634053	100679622	284.35	4
chr7	100679723	102125640	116.568	2
chr7	102128930	102307746	234.452	4
chr7	102389621	141414236	100.874	2
chr7	141416015	143827167	132.189	2
chr7	143882182	144096982	239.016	3
chr7	144097172	149561406	162.345	2
chr7	149570979	150554872	135.663	2
chr7	150554872	150654635	225.464	3
chr7	150655124	152346001	137.982	2
chr7	152346001	158937503	140.493	2
chr8	28880	43212029	97.9283	1
chr8	48114029	56705367	103.694	2
chr8	56708513	67734720	89.5535	2
chr8	67740864	80575929	100.147	2
chr8	80577027	81400044	79.2499	1
chr8	81411707	86804252	112.662	2
chr8	87060667	90949341	84.322	2
chr8	90955453	101157389	112.314	2
chr8	101163561	104153300	92.6291	2
chr8	104166816	136471193	117.38	2
chr8	136533446	141570623	170.982	3
chr8	141572529	142175405	106.671	2
chr8	142176262	142367477	204.742	3
chr8	142367477	144464861	237.569	3
chr8	144511493	144772333	166.361	2
chr8	144773208	145004034	188.517	3
chr8	145004081	145096031	166.403	2
chr8	145096109	146279551	208.58	3
chr9	14820	5988577	91.7893	1
chr9	6007159	6015111	68.0148	1
chr9	6015111	32573096	84.1333	1
chr9	32630068	32984876	141.182	2
chr9	32985943	35563418	92.4371	1
chr9	35563733	36083586	86.9629	1
chr9	36087668	38573125	86.0543	1
chr9	38575444	47314357	136.326	2
chr9	65503489	74971994	126.449	2
chr9	74974298	74981339	69.2509	1
chr9	75263537	90501892	105.889	2
chr9	90501892	90753346	224.628	3
chr9	91063823	100403198	125.378	2
chr9	100403812	101017855	104.063	2
chr9	101052836	114553739	112.998	2
chr9	114659474	115652993	94.9789	2
chr9	115759369	116356630	126.342	2
chr9	116356685	117104038	181.945	3
chr9	117104265	123239748	137.236	2
chr9	123249544	124329541	103.591	2
chr9	124440921	130279519	136.826	2
chr9	130280077	130861028	150.991	2
chr9	130863346	132872727	155.577	2
chr9	132874328	136516932	188.279	3
chr9	136517346	139276567	236.287	3
chr9	139276683	140672520	212.454	3
chr9	140674063	141015365	259.593	4
chr9	141015893	141124279	173.517	3
chr10	92975	3193567	160.494	2
chr10	3197749	5948632	105.218	2
chr10	5950872	28284117	106.968	2
chr10	28342971	35930379	97.0007	2
chr10	36811720	38408349	119.489	3
chr10	42746448	49207844	125.916	2
chr10	49365331	59997611	98.6822	2
chr10	60027155	65359079	85.1528	1
chr10	65359407	70673371	91.836	2
chr10	70673780	75239290	93.2481	1
chr10	75258365	77312328	83.4479	1
chr10	77795738	90585905	110.663	2
chr10	90588281	91193111	76.6681	1
chr10	91195791	96353415	88.8063	2
chr10	96354441	96827466	115.828	3
chr10	96828931	99153554	107.328	2
chr10	99155951	99498454	94.9751	1
chr10	99502821	103570099	112.728	2
chr10	103572763	104573115	100.332	1
chr10	104590424	116606154	105.977	2
chr10	116606285	119100637	122.468	2
chr10	119133845	124359636	113.295	2
chr10	124360480	129923956	125.902	2
chr10	131334481	135083071	195.199	3
chr10	135083379	135440119	165.332	2
chr11	168980	866643	227.077	3
chr11	869825	2905179	297.909	4
chr11	2905205	6623344	181.857	3
chr11	6623351	6637686	111.306	1
chr11	6637867	8670114	177.076	3
chr11	8671251	14666615	139.529	3
chr11	14793460	17393801	150.964	3
chr11	17393801	17810001	256.434	3
chr11	17868209	33640223	145.378	3
chr11	33667198	34533143	139.779	3
chr11	34653124	35421208	98.0943	2
chr11	35440474	45672507	156.215	3
chr11	45713221	48175463	142.271	2
chr11	48177327	51516240	162.673	3
chr11	55029720	55371384	154.74	2
chr11	55371384	55419325	0.0990984	0
chr11	55432610	57068097	172.319	3
chr11	57068333	57576044	141.322	2
chr11	57576721	62287250	145.623	3
chr11	62287250	62303607	185.965	3
chr11	62327115	62648950	107.203	1
chr11	62649335	63256488	160.611	3
chr11	63257693	63991713	129.866	2
chr11	63991733	64110832	121.905	2
chr11	64110948	64137101	146.959	2
chr11	64137148	64537115	192.667	3
chr11	64537403	64835605	146.665	2
chr11	64835938	65554966	118.446	1
chr11	65561472	65652005	152.447	2
chr11	65652007	65688940	111.793	1
chr11	65713117	66839095	146.385	2
chr11	66947517	67257778	119.644	1
chr11	67257778	67938742	148.984	2
chr11	67938984	70253512	162.789	3
chr11	70253595	71293929	234.13	4
chr11	71498547	75379435	136.398	2
chr11	75428912	117789584	143.399	3
chr11	117799966	118081464	162.857	2
chr11	118083096	118134892	61.3042	1
chr11	118175636	118952636	146.018	2
chr11	118955721	119044824	129.085	2
chr11	119045130	122852409	172.207	3
chr11	122928391	123306192	90.8809	1
chr11	123351491	134119177	193.197	3
chr11	134119698	134152035	134.716	2
chr11	134153608	134257772	232.416	4
chr12	176056	719565	143.522	2
chr12	772471	1703268	98.9586	1
chr12	1739269	6347016	147.196	2
chr12	6421358	6976869	111.649	1
chr12	6978002	7076950	92.9643	1
chr12	7077021	7189448	92.0465	1
chr12	7241181	34179876	96.6422	2
chr12	38710670	46357993	85.7107	2
chr12	46367876	52642004	89.5667	1
chr12	52668467	53346726	133.544	2
chr12	53410232	54117594	75.1529	1
chr12	54118347	55420688	85.6714	1
chr12	55420688	56105957	120.45	2
chr12	56109807	56308169	82.6488	1
chr12	56320837	56740014	66.771	1
chr12	56740192	57464705	77.6255	1
chr12	57466541	57535314	63.6298	1
chr12	57547967	57606371	190.544	2
chr12	57618829	59282290	82.3352	1
chr12	59282566	88589459	84.715	2
chr12	88900056	96915977	78.5335	1
chr12	96921001	108943014	89.0582	2
chr12	108954514	109279006	102.718	1
chr12	109281194	110399528	118.817	2
chr12	110403308	111057789	77.3119	1
chr12	111064158	113698335	116.088	2
chr12	113703950	120622710	132.274	2
chr12	120628071	124247134	118.792	2
chr12	124252131	133448995	169.34	3
chr12	133454118	133810989	105.588	2
chr13	19748081	30110353	151.601	3
chr13	30169531	48660602	132.495	3
chr13	48664464	51915529	109.885	2
chr13	51918363	73284509	155.932	3
chr13	73293067	80911884	125.968	3
chr13	84452832	111932741	151.524	3
chr13	111932862	114839338	230.629	3
chr13	114897880	115091787	141.531	3
chr14	19377570	22689876	116.237	2
chr14	22690064	23793298	99.6372	1
chr14	23793312	24563355	164.918	2
chr14	24563592	24788681	114.585	1
chr14	24788914	50074861	107.965	2
chr14	50080950	51352412	85.9606	1
chr14	51352454	55510837	103.964	2
chr14	55510837	55819280	81.8764	1
chr14	55836304	61924418	104.472	2
chr14	61952195	62207692	60.7064	1
chr14	62207692	75022419	113.236	2
chr14	75052531	75585676	101.386	1
chr14	75587181	76129610	88.9182	1
chr14	76135726	77491997	122.238	2
chr14	77491997	77576347	90.3362	1
chr14	77579691	82000112	120.203	2
chr14	85994994	100848118	120.005	2
chr14	100848416	102028785	183.468	3
chr14	102197666	104407464	129.829	2
chr14	104407700	107283103	188.013	3
chr15	20170017	32404135	137.245	2
chr15	32446083	32895872	219.526	3
chr15	32895997	34673821	106.546	2
chr15	34673879	34828119	194.631	3
chr15	35044654	38258878	107.7	2
chr15	38575672	41319965	100.16	1
chr15	41337070	44921614	105.678	2
chr15	44925666	45047607	77.0215	1
chr15	45048531	45983263	121.91	2
chr15	48051971	51830675	94.6665	2
chr15	51834507	53072846	80.5383	1
chr15	53080941	58825409	96.4494	2
chr15	58830498	64983222	90.6813	1
chr15	64983598	72931544	112.586	2
chr15	72931734	72958488	259.356	4
chr15	72958534	74244208	121.603	2
chr15	74276255	74337379	126.47	1
chr15	74363320	74390183	252.809	4
chr15	74390375	75503501	120.658	2
chr15	75550945	75586744	229.438	3
chr15	75628485	85788395	119.693	2
chr15	85788402	86259169	73.4003	1
chr15	86260492	90414809	143.315	2
chr15	90421462	91157744	102.382	1
chr15	91161082	98504412	121.545	2
chr15	98508807	102284724	134.873	2
chr15	102295357	102304196	236.73	4
chr15	102312382	102513814	163.848	3
chr16	64355	779492	206.733	3
chr16	779492	1817758	233.28	3
chr16	1817781	3026871	192.547	3
chr16	3029611	3487263	151.113	2
chr16	3487263	10788770	176.833	3
chr16	10840975	15789871	121.551	2
chr16	15790532	18569123	161.198	3
chr16	18573173	19567103	82.7573	2
chr16	19576142	28192372	105.236	2
chr16	28330292	28498026	203.646	4
chr16	28499877	28656011	145.175	2
chr16	28659437	28784009	203.612	4
chr16	28836657	29708767	138.373	2
chr16	29790792	30970233	109.749	1
chr16	30970387	31494612	132.387	2
chr16	31495937	33659106	185.326	3
chr16	46615619	52553434	111.413	2
chr16	53189969	69964171	102.196	2
chr16	69965032	76311677	127.26	2
chr16	76343852	86613388	161.088	3
chr16	87336639	90142341	213.146	3
chr17	5976	2266909	106.679	1
chr17	2267319	4594752	131.335	2
chr17	4607136	6901937	113.1	1
chr17	6901999	7137293	105.087	1
chr17	7137359	7158222	62.94	0
chr17	7160144	7577172	103.545	1
chr17	7577473	7726977	111.764	1
chr17	7727129	7834472	94.0336	1
chr17	7834799	8013351	123.559	1
chr17	8013384	8151454	95.7652	1
chr17	8157224	15645387	105.402	2
chr17	15848540	20217402	95.3039	1
chr17	20353263	21731536	140.083	2
chr17	25620906	26671645	125.917	2
chr17	26675121	27041745	105.249	1
chr17	27041778	27076170	82.9486	1
chr17	27076170	36522321	100.71	2
chr17	36523731	38802080	84.3375	1
chr17	38812620	40021326	121.109	2
chr17	40024031	40837473	91.3457	1
chr17	40837941	45690008	99.8419	1
chr17	45691013	49258090	93.1868	1
chr17	49269537	57351153	91.3879	1
chr17	57352489	58156304	65.2301	1
chr17	58227370	61621048	101.624	2
chr17	61621340	61949535	84.5417	1
chr17	61949579	62049863	150.606	2
chr17	62049894	62658016	78.3216	1
chr17	62776842	66447050	98.4506	2
chr17	66453449	66865959	75.5439	1
chr17	66871374	72999488	129.513	2
chr17	72999488	76415814	130.087	2
chr17	76419963	81052359	162.33	2
chr18	47365	2552774	98.5548	2
chr18	2554644	3457964	80.389	1
chr18	3502393	8831868	111.149	2
chr18	9102716	9134291	47.8737	1
chr18	9182406	14123168	95.2346	1
chr18	14124185	14852491	110.947	2
chr18	18531302	19678645	114.051	2
chr18	19751070	21660591	95.5589	2
chr18	21660593	44526906	117.099	2
chr18	44542724	44556243	708.206	7
chr18	44559423	61078847	115.14	2
chr18	61151639	78005267	142.203	2
chr19	71975	1032651	182.83	3
chr19	1032659	1275861	140.238	1
chr19	1277154	1997494	174.942	2
chr19	2015274	2098167	107.06	1
chr19	2098264	9923973	161.923	2
chr19	9928947	14640556	137.216	2
chr19	14655891	17322864	149.429	2
chr19	17322872	18104386	140.276	2
chr19	18108939	18555717	126.654	1
chr19	18556005	19137056	150.581	2
chr19	19141735	24310806	129.034	2
chr19	28449407	59084027	141.133	2
chr20	68326	3758994	144.648	2
chr20	3759042	4055623	112.562	1
chr20	4155677	23431234	113.24	2
chr20	23432426	25755949	151.074	2
chr20	29521981	30064610	134.092	3
chr20	30065573	31035180	126.993	2
chr20	31035367	31671709	154.408	2
chr20	31672670	44352729	129.957	2
chr20	44354240	44579267	116.008	1
chr20	44580750	47860398	131.764	2
chr20	47863778	49576794	115.567	2
chr20	49620553	56073795	139.266	2
chr20	56078462	58645967	149.329	2
chr20	58883499	61489008	207.433	3
chr20	61490683	61584659	144.547	2
chr20	61588088	62191470	218.868	3
chr20	62191499	62904970	179.157	2
chr21	9826177	28338748	114.412	2
chr21	30248674	33697721	122.088	2
chr21	33709375	40559376	107.279	2
chr21	40568151	43987202	132.875	2
chr21	43988439	45511959	187.89	3
chr21	45513921	47862525	254.225	3
chr21	47863688	48083490	203.462	3
chr22	16258263	19164716	151.361	2
chr22	19165217	22024279	114.559	2
chr22	22024832	34157486	137.714	2
chr22	35463055	36922192	125.02	1
chr22	36960364	43539390	149.029	2
chr22	43555213	45316394	191.046	3
chr22	45404403	50671998	163.645	2
chr22	50678609	50961632	169.643	2
chr22	50961632	50994884	104.105	1
chr22	51007734	51220743	165.999	2
chrX	200833	2692807	207.159	4
chrX	2700074	12736939	382.162	7
chrX	12738623	17771523	275.99	6
chrX	17818511	19507108	347.936	7
chrX	19532993	35969509	290.343	6
chrX	35969896	37515091	324.534	7
chrX	37518690	47919936	295.663	6
chrX	47926226	48339933	367.722	7
chrX	48339996	49054338	370.082	6
chrX	49055402	51797380	352.856	6
chrX	51805095	52681402	441.931	9
chrX	52681934	57936882	318.642	6
chrX	62569917	72900872	334.523	7
chrX	73014545	73030417	507.729	10
chrX	73438180	101087275	300.058	7
chrX	101091134	101720488	374.553	8
chrX	101768979	135961593	303.568	7
chrX	136112276	153549285	450.696	8
chrX	153551517	154774973	416.14	7
chrX	155003512	155240107	196.22	3
chrY	2654995	2848077	0.0549416	0
chrY	3447264	5606013	49.1577	0
chrY	6114284	9368118	0.140453	0
chrY	14821358	15817146	0.0191563	0
chrY	16097725	16953170	24.0586	0
chrY	19881413	27770679	0.0290602	0
