chr1	17345	12854186	106.841	2
chr1	12854302	13475056	196.671	3
chr1	13475056	16264155	117.852	2
chr1	16264279	55307590	103.316	1
chr1	55319081	104094411	105.2	2
chr1	104114203	104297465	228.596	3
chr1	107599316	121116045	108.269	2
chr1	143897518	145439073	184.866	3
chr1	145439470	145762363	100.003	1
chr1	145765004	149859248	138.073	2
chr1	149859289	152058731	107.392	2
chr1	152058731	152671514	172.567	2
chr1	152671588	157068543	108.439	2
chr1	157068545	186159038	115.795	2
chr1	186265975	200613667	132.722	2
chr1	200617542	201178715	123.935	2
chr1	201178787	201181025	280.665	3
chr1	201181032	206667360	110.405	2
chr1	206670903	236689446	123.421	2
chr1	236700768	249212605	146.145	2
chr2	41575	23730129	135.267	2
chr2	23746792	87085577	116.867	2
chr2	87131622	88328105	170.889	3
chr2	88367351	89597069	121.271	2
chr2	89597109	90411303	160.443	2
chr2	95618854	96263732	113.725	2
chr2	96264832	96619771	173.06	3
chr2	96622512	97035279	116.247	2
chr2	97038997	97399366	85.6156	1
chr2	97400111	97818290	123.697	2
chr2	97823808	98206155	167.269	3
chr2	98263496	165424914	117.936	2
chr2	165476174	168114947	135.474	2
chr2	168114954	179301067	115.216	2
chr2	179306301	179577705	149.291	2
chr2	179577788	186655467	124.884	2
chr2	186655471	186671285	169.708	2
chr2	186671291	222307750	120.333	2
chr2	222308180	242842550	145.771	2
chr3	361433	37059124	140.565	2
chr3	37067116	48040400	122.894	2
chr3	48089140	52562980	109.247	1
chr3	52563137	89528678	114.603	2
chr3	93593063	112730279	122.912	2
chr3	112731549	140993497	115.637	2
chr3	140997149	184552561	125.65	2
chr3	184554008	197896742	144.279	2
chr4	85606	13621719	141.989	2
chr4	13628944	31144498	112.934	2
chr4	36069503	100125413	116.331	2
chr4	100126046	164272239	125.442	2
chr4	164272239	191010394	142.872	2
chr5	113335	31936291	147.101	2
chr5	31983237	44388800	125.935	2
chr5	44809043	45696231	164.359	2
chr5	49695071	132039350	122.076	2
chr5	132042111	140073885	118.716	2
chr5	140075059	154307128	141.608	2
chr5	154308062	180795249	148.954	2
chr6	304600	28474236	147.339	2
chr6	28478503	33383487	81.0476	1
chr6	33383561	57372383	126.976	2
chr6	62362141	151687771	122.432	2
chr6	151687771	170893711	141.857	2
chr7	19080	35709971	140.954	2
chr7	35712787	57529637	119.864	2
chr7	63081437	92888973	127.928	2
chr7	92900525	100634053	119.79	2
chr7	100634053	100647526	251.045	3
chr7	100647558	138968284	128.182	2
chr7	138968284	158937503	153.721	2
chr8	28880	7343943	166.22	2
chr8	7345210	11839906	119.198	2
chr8	11841896	37794944	135.861	2
chr8	37795133	43212029	137.388	2
chr8	48114029	67425893	124.695	2
chr8	67428104	68965514	146.111	2
chr8	68968039	70554534	118.034	2
chr8	70570724	71506854	163.109	2
chr8	71508474	100396579	126.235	2
chr8	100403761	143412344	145.124	2
chr8	143413089	146279551	136.957	2
chr9	14820	34093469	139.481	2
chr9	34096688	38575632	136.605	2
chr9	38577776	47314357	158.376	2
chr9	65503489	70918820	165.54	2
chr9	70918823	84302360	118.695	2
chr9	84543473	84608554	205.768	3
chr9	84608554	132382877	131.39	2
chr9	132394948	141124279	151.412	2
chr10	92975	38408349	140.292	2
chr10	42746448	46968751	140.712	2
chr10	46969233	50531725	105.096	2
chr10	50531725	71000530	124.065	2
chr10	71002910	88764140	117.388	2
chr10	88767386	105139785	129.512	2
chr10	105141448	129854514	138.439	2
chr10	129859176	135440119	151.728	2
chr11	168980	35240967	148.426	2
chr11	35243179	48238820	127.535	2
chr11	48238820	51516240	145.672	2
chr11	55029720	57069437	152.702	2
chr11	57069513	61236221	130.393	2
chr11	61249222	62284637	111.827	2
chr11	62284645	62300732	194.253	2
chr11	62300732	78399283	123.341	2
chr11	78412545	124120510	140.566	2
chr11	124120530	134257772	163.112	2
chr12	176056	10124313	158.536	2
chr12	10131530	34179876	126.624	2
chr12	38710670	48107209	116.313	2
chr12	48110060	62652588	115.642	2
chr12	62687931	112304071	118.575	2
chr12	112305342	133810989	143.663	2
chr13	19748081	80911884	146.885	2
chr13	84452832	115091787	154.033	2
chr14	19377570	20404783	219.45	3
chr14	20443651	22446990	153.529	2
chr14	22447038	22958543	96.7994	1
chr14	22959456	82000112	142.233	2
chr14	85994994	105403583	142.665	2
chr14	105404375	105453233	120.451	2
chr14	105455270	107283103	158.809	2
chr15	20170017	45983263	132.121	2
chr15	48051971	86122985	132.04	2
chr15	86122985	102513814	152.445	2
chr16	64355	12035119	147.686	2
chr16	12059151	16326705	118.791	2
chr16	16330748	18569123	177.857	3
chr16	18573173	31494612	116.211	2
chr16	31495937	33659106	154.984	2
chr16	46615619	53945403	111.131	2
chr16	53967869	69994389	107.564	2
chr16	69994712	75481607	122.388	2
chr16	75485508	90142341	145.173	2
chr17	5976	16875416	146.953	2
chr17	16946045	18548036	117.505	2
chr17	18565228	18745717	163.063	2
chr17	18761203	20109264	109.719	2
chr17	20130703	21731536	146.922	2
chr17	25620906	33491202	128.344	2
chr17	33495050	34044390	161.327	2
chr17	34050622	34848765	130.205	2
chr17	34849737	44383652	115.559	2
chr17	44388531	44771324	150.647	2
chr17	44771826	56164616	111.969	2
chr17	56166479	74396669	132.833	2
chr17	74397058	78983292	156.516	2
chr17	79009029	81052359	142.019	2
chr18	47365	14852491	146.984	2
chr18	18531302	78005267	146.426	2
chr19	71975	3637622	136.631	2
chr19	3637791	7524902	152.272	2
chr19	7527012	24310806	137.148	2
chr19	28449407	41250127	136.697	2
chr19	41250429	44934726	151.138	2
chr19	44936368	50394374	140.525	2
chr19	50394640	59084027	151.391	2
chr20	68326	25755949	142.778	2
chr20	29521981	62904970	148.688	2
chr21	9826177	28338748	125.91	2
chr21	30248674	44476008	125.046	2
chr21	44476144	45511959	176.053	2
chr21	45513921	45671622	285.982	3
chr21	45674478	48083490	165.283	2
chr22	16258263	18783165	159.363	2
chr22	18834344	21820963	116.77	2
chr22	21821032	25335532	155.677	2
chr22	25423945	25437518	92.1109	1
chr22	25445165	34157486	157.914	2
chr22	35463055	51220743	159.524	2
chrX	200833	22056669	124.317	2
chrX	22065134	49179792	117.399	2
chrX	49180192	49368394	248.997	3
chrX	49370582	57936882	114.759	2
chrX	62569917	72899567	112.973	2
chrX	72900765	73026122	176.823	3
chrX	73026455	128886343	107.108	2
chrX	128887112	155240107	122.331	2
chrY	2654995	9368118	215.601	3
chrY	14821358	15029008	166.016	3
chrY	15029289	15817146	71.5878	1
chrY	16097725	20935490	158.434	3
chrY	21643466	23548168	64.6684	1
chrY	23673169	24563681	181.518	3
chrY	24647684	25276539	46.6991	0
chrY	25281327	25402236	350.513	6
chrY	25411753	25431667	998.158	15
chrY	26191742	26778189	89.8163	1
chrY	26915052	27047337	439.934	6
chrY	27184217	27770679	87.6927	1
