chr1	17345	12836025	126.836	2
chr1	12836026	13696118	177.306	2
chr1	13697097	57233640	102.154	1
chr1	57254611	121116841	90.2798	2
chr1	143897518	145303960	167.405	2
chr1	145416284	145762363	84.3014	1
chr1	145765004	150680914	122.411	2
chr1	150681335	152058731	95.1006	1
chr1	152058731	152275690	175.081	2
chr1	152275690	152286065	316.107	3
chr1	152286065	153515762	140.25	2
chr1	153516213	155234129	100.105	1
chr1	155234235	155823595	120.569	2
chr1	155829529	158226873	111.754	1
chr1	158227188	186159038	101.622	2
chr1	186265975	201181025	111.811	2
chr1	201181032	207244936	111.47	2
chr1	207245516	207647259	102.138	2
chr1	207648216	207758160	148.583	3
chr1	207758186	236976179	115.309	2
chr1	236978878	249212605	133.997	2
chr2	41575	24881664	141.225	2
chr2	24888582	29447630	131.384	2
chr2	29449765	40656266	85.1326	1
chr2	40656266	87131722	115.569	2
chr2	87134927	88106440	159.526	3
chr2	88116444	90414312	122.525	2
chr2	95618854	96260917	119.1	2
chr2	96261927	96652662	158.405	3
chr2	96652862	97823897	129.856	2
chr2	97824293	98263642	152.674	3
chr2	98263796	106694415	110.501	2
chr2	106710446	112773493	127.883	2
chr2	112776965	135186055	126.48	2
chr2	135206188	169313139	84.0983	1
chr2	169404084	179427283	113.438	2
chr2	179427291	179616496	132.228	2
chr2	179616496	233389583	126.308	2
chr2	233389901	242841519	197.445	3
chr3	361433	37096023	130.324	2
chr3	37096551	48625872	120.459	2
chr3	48626041	52692359	121.94	1
chr3	52696119	89528678	101.16	2
chr3	93593063	108363426	100.546	2
chr3	108363426	140993497	103.11	2
chr3	140997149	160149647	101.606	2
chr3	160150039	193335648	117.354	2
chr3	193336633	197896742	152.956	2
chr4	85606	8869840	190.853	2
chr4	8869840	31144498	116.291	2
chr4	36069503	155467098	114.497	2
chr4	155467251	190882027	134.087	2
chr4	190882997	191013694	113.422	2
chr5	113335	1919934	269.615	3
chr5	1926911	31799854	171.18	3
chr5	31936172	45696231	137.474	3
chr5	49695071	137508640	131.383	3
chr5	137513232	140071380	144.877	2
chr5	140073009	161119229	172.181	3
chr5	161128482	172097356	172.135	3
chr5	172110398	172332577	146.838	2
chr5	172333068	180795249	214.251	3
chr6	304600	28474236	130.699	2
chr6	28483398	33424340	95.6371	1
chr6	33541556	57372383	124.462	2
chr6	62284211	161027676	100.34	2
chr6	161032574	170893711	143.677	2
chr7	19080	23808825	149.532	2
chr7	23809236	57529637	114.513	2
chr7	63081437	99461341	111.512	2
chr7	99463505	100319689	115.497	1
chr7	100334070	100634545	158.488	2
chr7	100634545	100647812	272.533	3
chr7	100647812	141414236	115.86	2
chr7	141416015	158937503	159.685	2
chr8	28880	7809615	134.56	2
chr8	7809674	11851672	114.633	1
chr8	11853681	43212029	117.044	2
chr8	48114029	82443592	117.582	2
chr8	82571552	146279551	159.329	2
chr9	15055	34255960	114.449	2
chr9	34255960	38413378	128.067	2
chr9	38414059	47314357	139.327	2
chr9	65503489	70919141	166.947	2
chr9	70972018	131183370	124.091	2
chr9	131185123	141124279	190.897	2
chr10	92975	38408349	123.803	2
chr10	42746448	70721947	110.726	2
chr10	70723015	86014231	115.103	2
chr10	86017607	105821245	122.075	2
chr10	105821984	127585253	126.456	2
chr10	127596036	135440119	173.599	2
chr11	168980	406338	217.138	2
chr11	406338	2799281	256.129	3
chr11	2868965	31648770	159.009	2
chr11	31653740	51516240	142.966	2
chr11	55032455	56757333	142.269	3
chr11	56949343	62190577	144.277	2
chr11	62201285	62327352	186.763	3
chr11	62327630	67375976	159.758	2
chr11	67375993	78369881	156.098	2
chr11	78372465	124749507	147.941	2
chr11	124749655	134257624	186.343	3
chr12	176056	12274388	145.425	2
chr12	12277465	34179876	103.145	2
chr12	38710670	40881393	98.9636	2
chr12	40881398	59282290	111.703	2
chr12	59282566	104370870	93.9744	2
chr12	104373624	113837001	127.091	2
chr12	113837335	133446457	157.982	2
chr12	133447278	133683088	80.7688	1
chr12	133683093	133810989	151.79	2
chr13	19748081	80911884	147.881	3
chr13	84452832	115091787	178.838	3
chr14	19377570	82000112	132.963	2
chr14	85994994	107283259	157.465	2
chr15	20170017	45983263	126.866	2
chr15	48051971	74000819	118.093	2
chr15	74003444	75552778	148.169	2
chr15	75555739	102513814	145.46	2
chr16	64630	12060224	209.455	2
chr16	12061396	14782228	100.055	2
chr16	14787956	18569123	151.744	2
chr16	18573173	34257287	127.861	2
chr16	46615619	66824955	114.53	2
chr16	66830639	68321792	124.859	2
chr16	68324274	72821599	123.775	2
chr16	72821634	90142341	190.199	2
chr17	5976	2241059	155.77	2
chr17	2246804	6538442	165.883	2
chr17	6540076	22023562	140.501	2
chr17	25620906	34848765	127.191	2
chr17	34849737	59545055	117.414	2
chr17	59555965	74393994	140.532	2
chr17	74394313	81052359	188.221	2
chr18	47365	14852491	124.676	2
chr18	18531302	78005267	130.397	2
chr19	221028	2757806	191.48	2
chr19	2759228	9046182	189.643	2
chr19	9046182	24310806	156.597	2
chr19	28449407	50394374	162.044	2
chr19	50394640	54103727	159.349	2
chr19	54104494	54308724	155.16	3
chr19	54310714	59084027	160.661	2
chr20	68326	25755949	134.895	2
chr20	29521981	49576504	153.169	2
chr20	49576504	62919271	190.897	2
chr21	9825807	28338456	120.529	2
chr21	30248674	44450251	134.179	2
chr21	44475829	48081859	247.013	3
chr22	16258263	18783165	177.807	2
chr22	18834344	21740237	137.21	2
chr22	21740237	34157486	178.104	2
chr22	35463055	51220743	195.26	2
chrX	200833	2700190	182.241	3
chrX	2707649	37026783	244.575	4
chrX	37026783	57936882	263.807	3
chrX	62569917	118109009	224.462	3
chrX	118109009	120181757	212.786	3
chrX	120181757	144909568	223.591	3
chrX	145074239	154774973	328.848	4
chrX	155003512	155240107	170.972	3
chrY	2733105	2847513	0	0
chrY	3447264	5606013	44.8026	0
chrY	6734074	16953170	14.0716	0
chrY	20138013	27042006	0.0938842	0
