chr1	69090	120935894	172.716	2
chr1	142415049	249212562	210.498	3
chr2	41607	90266138	131.078	2
chr2	95236829	242841481	126.025	2
chr3	361459	90582635	171.543	2
chr3	93442090	197896723	140.476	2
chr4	85621	49052866	134.046	2
chr4	52556926	190948359	103.124	2
chr5	140422	46437048	198.834	3
chr5	49546535	140076199	181.114	3
chr5	140076527	140812789	499.79	4
chr5	140813289	180795226	259.679	3
chr6	150500	5431405	213.422	3
chr6	5431905	22569304	127.159	2
chr6	22569804	58705838	195.583	3
chr6	61985574	64436573	92.3766	2
chr6	64472353	87114381	61.1284	1
chr6	87266924	170893669	119.001	2
chr7	150500	24325047	278.915	4
chr7	24329117	41728747	199.342	3
chr7	41729247	43482228	159.326	2
chr7	43483813	50514987	264.62	3
chr7	50530928	57830821	247.931	3
chr7	61138152	78635904	252.957	3
chr7	78636404	158937463	139.017	2
chr8	116085	15398077	217.604	3
chr8	15480588	22250745	153.113	2
chr8	22256191	36768637	80.1954	1
chr8	36776340	42128987	136.713	2
chr8	42129600	43362165	171.763	3
chr8	46953228	49987314	256.054	5
chr8	49987314	110352792	130.325	2
chr8	110355633	120651106	169.013	3
chr8	120651606	121015350	205.364	5
chr8	121019043	122641580	167.86	3
chr8	122642080	131124568	242.063	4
chr8	131127873	133880468	174.439	3
chr8	133881973	135724587	341.411	4
chr8	135725087	142148237	235.984	3
chr8	142151301	142222097	421.488	5
chr8	142222097	145830419	408.579	3
chr8	145830919	146279543	497.888	4
chr9	14806	46019135	139.84	2
chr9	65353139	141124256	152.084	2
chr10	92996	38408313	153.581	3
chr10	43088060	135439503	140.458	2
chr11	193099	1263974	257.241	2
chr11	1263974	1272218	838.699	4
chr11	1272218	2970494	249.832	2
chr11	2972488	49227724	201.684	3
chr11	49228329	51516211	111.856	2
chr11	54876524	134257741	223.303	3
chr12	150500	34784329	139.576	2
chr12	37804226	133810942	154.981	2
chr13	18999524	63026744	114.783	2
chr13	63767425	115091756	124.458	2
chr14	18926469	24974221	179.734	2
chr14	24974721	33684793	164.675	3
chr14	33836391	37203778	260.5	5
chr14	37204278	39036213	238.545	3
chr14	39502442	59113852	195.113	4
chr14	59422023	60591969	145.729	2
chr14	60592354	63173725	182.158	3
chr14	63174225	64375945	140.314	2
chr14	64376445	65242121	272.35	4
chr14	65245874	66082195	169.449	2
chr14	66082695	68934967	78.7726	1
chr14	68944364	69062371	126.123	2
chr14	69062711	69619695	136.437	1
chr14	69620195	105996131	152.78	2
chr15	20739741	53082081	142.237	2
chr15	53518669	102359328	145.929	2
chr16	97429	35364343	303.742	3
chr16	46465129	71392195	267.386	3
chr16	71392695	72108284	290.454	4
chr16	72109043	72993772	494.524	5
chr16	72993772	87191702	315.48	4
chr16	87191702	90142318	197.637	2
chr17	6010	21454713	176.652	2
chr17	25621421	81052320	163.585	2
chr18	158698	14852479	124.375	2
chr18	18531344	34377013	114.403	2
chr18	34378081	78005231	87.6175	1
chr19	281387	2099344	250.116	2
chr19	2102171	2827741	262.063	2
chr19	2832300	2986889	278.268	3
chr19	2986980	9046083	252.25	3
chr19	9046083	9089207	164.012	2
chr19	9089207	9947551	206.646	3
chr19	9949111	10108701	202.263	2
chr19	10108777	10230376	304.884	3
chr19	10230515	10304995	250.347	3
chr19	10305495	11728704	255.416	3
chr19	11832515	12740074	210.802	3
chr19	12757433	14769362	249.339	3
chr19	14772774	14910707	254.633	3
chr19	14910707	15640664	265.606	3
chr19	15648171	16222211	356.623	3
chr19	16222711	19774475	245.599	3
chr19	19788672	20722387	178.155	3
chr19	20722387	20726401	72.1292	2
chr19	20726401	24760172	164.563	3
chr19	27752767	55325566	247.053	3
chr19	55329769	55363737	47.3766	0
chr19	55365201	56244916	275.421	3
chr19	56249460	57061550	237.26	3
chr19	57061878	57649966	217.984	2
chr19	57653996	58858395	271.665	3
chr19	58858718	59083999	329.825	3
chr20	68350	25677449	207.845	3
chr20	29521966	62904953	262.612	3
chr21	10159466	28486055	116.501	2
chr21	28926593	48084286	206.064	3
chr22	16275206	19175603	136.936	1
chr22	19178815	19794280	159.582	2
chr22	19799807	19921044	347.191	3
chr22	19929223	20104429	195.112	2
chr22	20104924	20230633	202.478	1
chr22	20231133	20461301	367.356	2
chr22	20705058	23657709	137.317	1
chr22	23915452	41368492	119.202	1
chr22	41489008	41681674	180.35	2
chr22	41682174	42046895	250.93	3
chr22	42049532	51220738	120.007	1
chrX	299331	2651461	143.624	2
chrX	2670315	58385621	247.721	3
chrX	62121180	155004401	247.798	3
chrY	150854	10125858	129.169	1
chrY	13003452	59343080	60.5471	0
