chr1	69090	43779096	94.1409	3
chr1	43779448	120935894	62.0131	2
chr1	142415049	249212562	77.4725	3
chr2	41607	90266138	61.033	2
chr2	95236829	242841481	61.2271	2
chr3	361459	90582635	60.0454	2
chr3	93442090	197896723	48.1876	2
chr4	85621	49052866	59.4181	2
chr4	52556926	190948359	42.6337	2
chr5	140422	46437048	65.9932	3
chr5	49546535	180795226	73.3299	3
chr6	150500	58705838	69.437	2
chr6	61985574	170893669	47.4412	2
chr7	150500	944809	133.907	3
chr7	945309	5230124	121.867	3
chr7	5232748	7278330	121.61	3
chr7	7278330	57830821	68.4444	3
chr7	61138152	77522424	91.1734	3
chr7	77522924	158937463	55.8578	2
chr8	116085	22085870	68.3822	2
chr8	22086370	33311028	49.1681	1
chr8	33318229	41789988	69.288	3
chr8	41789988	42706140	81.5678	3
chr8	42708436	43362165	50.7282	3
chr8	46953228	49985444	73.4343	3
chr8	49986617	114327022	44.1759	2
chr8	114388966	146279543	101.95	3
chr9	14806	46019135	52.9833	2
chr9	65353139	141124256	65.3314	2
chr10	92996	38408313	57.2169	2
chr10	43088060	70334009	62.3796	2
chr10	70334509	82369307	80.3947	2
chr10	82403748	135439503	57.9311	2
chr11	193099	51516211	73.8497	2
chr11	54876524	60887047	63.3538	2
chr11	60889082	73824937	103.358	2
chr11	73825428	134257741	61.1653	2
chr12	150500	34784329	49.916	2
chr12	37804226	133810942	57.3959	2
chr13	18999524	63026744	44.4857	2
chr13	63767425	115091756	51.2075	2
chr14	18926469	39036213	64.1131	2
chr14	39502442	105996131	58.4903	2
chr15	20739741	53082081	66.1503	2
chr15	53518669	102359328	70.0975	2
chr16	97429	35364343	111.349	3
chr16	46465129	90142318	97.4255	3
chr17	6010	21454713	75.551	2
chr17	25621421	81052320	72.6075	2
chr18	158698	14852479	47.9999	2
chr18	18531344	78005231	45.6407	1
chr19	281387	8933335	95.3597	2
chr19	8953346	9266717	40.7624	1
chr19	9267287	24760172	86.3188	2
chr19	27752767	59083999	82.9541	2
chr20	68350	25677449	76.6612	2
chr20	29521966	62904953	91.735	2
chr21	10159466	28486055	47.912	3
chr21	28926593	48084286	89.2734	3
chr22	16275206	19178947	84.7222	2
chr22	19183776	19776483	95.8441	3
chr22	19789523	20104429	150.852	3
chr22	20104924	20136323	157.384	3
chr22	20136397	23657709	98.6917	2
chr22	23915452	24123287	79.4274	2
chr22	24123379	24302568	110.601	3
chr22	24303206	24322500	170.987	4
chr22	24324818	25297924	101.221	2
chr22	25301071	39268199	73.8159	2
chr22	39353696	42085066	97.7364	3
chr22	42086631	51220738	80.5206	2
chrX	299331	58385621	72.9906	2
chrX	62121180	155004401	71.8132	2
chrY	150854	10125858	52.5386	1
chrY	13003452	59343080	22.1994	0
