chr1	367658	43788393	116.332	2
chr1	43803519	102278702	69.8491	2
chr1	102279202	104068192	38.5329	1
chr1	104068692	120935894	81.8385	2
chr1	142415049	249212562	84.2584	2
chr2	41607	42284828	76.435	2
chr2	42285328	90114133	91.271	2
chr2	95236829	242841481	90.5781	2
chr3	150500	90582635	89.9754	2
chr3	93593088	197884540	71.3478	2
chr4	85621	49063907	90.3231	2
chr4	52709275	190948359	58.9982	2
chr5	140422	46437048	99.4177	3
chr5	49546535	140080063	86.1808	3
chr5	140080403	140858094	301.938	4
chr5	140858094	180795226	126.485	3
chr6	150500	28473579	87.4082	2
chr6	28474088	33424014	69.3258	1
chr6	33424014	58705838	87.407	2
chr6	61836495	170893669	67.8708	2
chr7	193199	58131487	94.145	2
chr7	61288486	158937463	89.6172	2
chr8	116085	43362165	85.5362	2
chr8	47102856	146279543	86.5178	2
chr9	14806	46618639	78.5981	2
chr9	65506717	141124256	102.139	2
chr10	92996	38408313	70.3068	2
chr10	43088060	135379033	85.9789	2
chr11	193099	4626734	173.803	3
chr11	4661020	6221175	69.3176	1
chr11	6221175	51516211	98.3897	2
chr11	54876524	64835225	126.32	2
chr11	64835498	71727306	168.19	3
chr11	71727453	134257741	94.7367	2
chr12	150500	34935324	73.6609	2
chr12	37804226	108686736	76.5325	2
chr12	108687365	133810942	106.405	2
chr13	19748002	90414096	74.9867	2
chr13	91009261	115091756	106.869	3
chr14	19561993	66209128	91.8316	2
chr14	66821721	105996131	114.831	3
chr15	20742093	54919311	82.3016	2
chr15	55474349	102359328	89.3033	2
chr16	97429	35214333	152.59	3
chr16	46465129	90142318	129.425	3
chr17	6010	21454713	115.166	2
chr17	25621421	74712804	101.735	2
chr17	74714523	79084759	142.916	3
chr17	79089569	80051295	162.074	2
chr17	80051473	81052320	158.456	3
chr18	158698	14852479	74.2666	2
chr18	18531344	78005231	76.7013	2
chr19	281387	7709638	165.212	2
chr19	7709764	8809051	149.369	2
chr19	8841390	9237626	65.2612	1
chr19	9238126	10071566	90.6841	2
chr19	10073494	10127891	80.5628	1
chr19	10129406	14153424	143.193	2
chr19	14153527	14172792	106.683	1
chr19	14192645	14693472	149.973	2
chr19	14693972	15343231	115.583	2
chr19	15364367	24610542	139.653	2
chr19	27752767	59083999	131.162	2
chr20	68350	26417086	93.6882	2
chr20	29521966	62904953	114.04	2
chr21	10308853	31066382	52.3568	2
chr21	31311700	48084286	107.978	2
chr22	17038540	27026451	126.799	2
chr22	27346794	51220738	122.736	2
chrX	295056	58535043	45.8948	1
chrX	61822336	114082766	43.0894	1
chrX	114083266	155004401	76.2214	2
chrY	150854	9026979	72.467	1
chrY	9026979	10125858	612.631	18
chrY	13003452	14669427	0.395865	15
chrY	14669427	23548149	42.5512	1
chrY	23548649	59343080	129.59	4
