chr1	17345	6586096	135.617	2
chr1	6586730	12835738	104.501	2
chr1	12835741	13671663	164.179	3
chr1	13695497	21771749	106.737	2
chr1	21795126	23693688	128.925	2
chr1	23695767	33958999	91.4583	2
chr1	33958999	43719900	96.2118	2
chr1	43748433	46874890	90.1075	2
chr1	46876044	55119578	89.0868	2
chr1	55139341	82416198	67.7769	1
chr1	82416676	104094411	62.4017	1
chr1	104114203	104297465	124.961	2
chr1	107600013	113232294	69.8155	1
chr1	113232438	113256272	53.0787	1
chr1	113290693	121116841	67.2286	1
chr1	143897518	145416511	117.319	2
chr1	145416511	145762283	68.5321	1
chr1	145762290	149224302	93.423	2
chr1	149224369	152058731	77.955	1
chr1	152058731	153270651	147.286	2
chr1	153271563	154897752	74.9301	1
chr1	154901465	155233231	73.1601	1
chr1	155233980	158152984	84.9311	1
chr1	158153703	159776506	89.0662	2
chr1	159777943	160970152	80.8242	1
chr1	160970398	161179762	79.2774	1
chr1	161179868	167741548	81.5269	1
chr1	167741549	185286826	79.9401	2
chr1	185287516	200827214	88.7073	2
chr1	200842142	207224390	86.1867	1
chr1	207225496	240286666	91.8824	2
chr1	240341214	249212605	110.607	2
chr2	41575	24042760	122.372	2
chr2	24046103	27249224	108.722	2
chr2	27255862	27681128	103.606	2
chr2	27681616	74605418	98.9845	2
chr2	74617677	74902209	91.9776	1
chr2	74902257	86684214	96.5023	2
chr2	86691152	88328105	126.139	3
chr2	88367351	89036215	87.9933	2
chr2	89037459	90411303	137.217	2
chr2	95618854	96781902	117.311	2
chr2	96795533	97400303	88.6162	2
chr2	97403656	97820487	120.341	2
chr2	97823808	98177335	138.243	3
chr2	98192831	165766320	100.944	2
chr2	165768114	166211196	121.686	3
chr2	166221629	186655467	105.9	2
chr2	186655471	186678802	132.061	3
chr2	186680076	218759817	98.191	2
chr2	218762495	220300124	116.003	2
chr2	220306247	232879719	118.404	2
chr2	232880196	241570321	149.847	3
chr2	241615938	241815438	235.706	3
chr2	241816918	242842550	176.732	3
chr3	361433	9786881	127.252	2
chr3	9787223	10011539	132.176	2
chr3	10012238	32032513	123.092	2
chr3	32148169	43389059	106.68	2
chr3	43389059	45000946	111.844	2
chr3	45017737	50307741	113.285	2
chr3	50307841	50396532	100.103	1
chr3	50402481	53381566	103.283	2
chr3	53529214	89528678	98.7641	2
chr3	93593063	101283813	102.011	2
chr3	101283813	141905381	98.62	2
chr3	141906519	184452043	107.431	2
chr3	184455313	197896742	130.581	2
chr4	85606	9157329	137.392	2
chr4	9212288	9386116	239.527	4
chr4	9386262	9828241	117.029	2
chr4	9836479	31144498	88.8651	2
chr4	36069503	38776977	92.8693	2
chr4	38776977	44295865	159.679	4
chr4	44449555	52951165	95.9589	2
chr4	52960668	57316882	70.4987	1
chr4	57318012	57976277	95.1668	2
chr4	57976277	71527952	71.3334	1
chr4	71531541	85525546	68.1534	1
chr4	85530557	154216948	74.6497	1
chr4	154216948	191013694	84.2098	1
chr5	113335	163697	115.897	1
chr5	169430	1919934	250.568	4
chr5	1926911	11412194	143.202	3
chr5	11565030	16572239	167.713	3
chr5	16616738	17276039	131.519	2
chr5	19473309	26988466	188.097	4
chr5	31267548	39394452	143.358	3
chr5	40681235	45696231	96.1402	2
chr5	49695071	59284561	57.0598	1
chr5	59423439	64625352	71.7415	1
chr5	64629860	65474734	129.633	3
chr5	65892452	137508640	105.213	2
chr5	137513232	140071380	107.01	2
chr5	140073009	140864958	164.564	3
chr5	140864958	141385924	124.671	2
chr5	141387339	157214838	120.388	2
chr5	157214838	177034565	137.368	2
chr5	177035516	180794995	162.538	3
chr6	304600	29080643	92.3569	1
chr6	29141646	31960720	47.7559	0
chr6	31960841	32035787	107.9	1
chr6	32055426	33405888	50.2988	0
chr6	33405888	44320646	86.5193	1
chr6	44328160	57372383	77.991	1
chr6	62284211	159655539	76.296	1
chr6	159657225	170892838	99.5671	1
chr7	19080	25268066	340.629	6
chr7	25989513	44580883	268.874	5
chr7	44605847	45103627	206.896	4
chr7	45104032	57529547	258.968	5
chr7	63081437	93629043	144.71	3
chr7	93633480	99673072	75.6531	1
chr7	99673135	100486916	75.8809	1
chr7	100488548	100687128	133.579	2
chr7	100691233	140421574	80.0915	1
chr7	140426134	143573724	98.4593	1
chr7	143632302	151873547	202.446	3
chr7	151873547	158937503	187.757	3
chr8	28880	7835017	83.3175	1
chr8	7835017	11922111	67.2344	1
chr8	11929171	30700114	72.9393	1
chr8	30700114	31030647	69.6171	1
chr8	31496881	36642149	126.525	2
chr8	36644798	38872138	76.8277	1
chr8	38873614	43212029	82.0486	1
chr8	48114029	139767482	81.0286	1
chr8	139767697	144943514	129.912	2
chr8	144943514	146279551	130.751	1
chr9	15055	21077594	86.878	1
chr9	21077594	26116881	49.9149	0
chr9	26842269	32635614	86.0064	1
chr9	32784158	38593919	83.7444	1
chr9	38595449	47314357	118.589	2
chr9	65503489	70919141	137.869	2
chr9	70972018	132874406	87.1844	1
chr9	132876945	136577860	119.207	1
chr9	136578136	139118751	133.213	2
chr9	139145412	141124279	137.946	2
chr10	92975	3187937	118.767	2
chr10	3189319	35930379	85.2184	1
chr10	36811720	38408349	90.6287	2
chr10	42746448	43883099	97.0707	1
chr10	43883099	70696729	77.5947	1
chr10	70696780	86012810	76.2337	1
chr10	86014057	102743326	81.7699	1
chr10	102743326	104573115	90.3672	1
chr10	104590424	112270208	86.4932	1
chr10	112327540	129902290	90.2577	1
chr10	129902291	135038426	127.025	2
chr10	135043759	135440119	121.801	1
chr11	168980	837366	191.294	2
chr11	837430	2799281	215.773	3
chr11	2868965	43954721	129.161	2
chr11	43963793	47612401	126.201	2
chr11	47640353	51516240	110.261	2
chr11	55029720	56757333	129.835	3
chr11	56949343	57947382	119.61	2
chr11	57947382	60511487	109.872	2
chr11	60531183	62286208	122.415	2
chr11	62286208	62300732	178.278	3
chr11	62300732	62656200	110.077	1
chr11	62677165	63256488	124.632	2
chr11	63257693	67396548	126.825	2
chr11	67399043	71589581	139	2
chr11	71595427	75501374	115.146	2
chr11	75501682	86666164	116.39	2
chr11	86749059	90602402	146.663	3
chr11	92085255	118890036	85.8662	1
chr11	118890826	119044824	86.3185	1
chr11	119045130	134188681	101.569	1
chr11	134188748	134257772	127.635	2
chr12	176056	6347016	171.237	3
chr12	6421358	7281063	165.421	3
chr12	7281276	12869163	139.174	3
chr12	12869640	12974353	134.201	2
chr12	12974555	34179876	122.223	3
chr12	38710670	48096658	113.245	3
chr12	48104555	50538590	124.948	2
chr12	50570821	53346726	137.656	3
chr12	53410232	54971119	105.637	2
chr12	54971147	56105957	137.431	3
chr12	56109807	57535314	106.477	2
chr12	57547967	57606371	244.099	3
chr12	57618829	58339491	109.594	2
chr12	58340747	69236136	111.357	3
chr12	69250184	124218590	80.8481	1
chr12	124220041	133810989	114.738	2
chr13	19748081	80911884	106.893	2
chr13	84452832	111953902	114.303	2
chr13	111955312	114839338	155.566	2
chr13	114897880	115091787	109.228	2
chr14	19377570	20404783	183.991	3
chr14	20443651	24563355	140.844	2
chr14	24563592	24911771	152.425	2
chr14	24970779	82000112	124.239	2
chr14	85994994	96730816	127.509	2
chr14	96730816	106067176	163.108	3
chr14	106067205	106387151	259.196	4
chr14	106388022	107283103	173.056	3
chr15	20170017	31240688	117.145	2
chr15	31244135	45983263	104.492	2
chr15	48051971	63356390	95.8147	2
chr15	63358073	78838122	108.11	2
chr15	78838893	102513814	120.788	2
chr16	64355	602544	255.971	4
chr16	602570	737919	245.054	3
chr16	737935	1817758	253.619	4
chr16	1817781	11985007	213.114	3
chr16	11988786	14927893	118.518	3
chr16	14932251	15116634	191.198	4
chr16	15120466	16326705	142.129	3
chr16	16330748	18569123	200.713	3
chr16	18573173	28946911	127.532	3
chr16	28947442	31901571	149.9	2
chr16	31925772	34257287	185.75	3
chr16	46615619	48396069	148.087	4
chr16	48396069	49670092	130.91	2
chr16	49670092	56544875	97.2558	2
chr16	56545045	57850155	86.7203	1
chr16	57896607	66850590	94.7944	2
chr16	66851319	69600312	95.6073	2
chr16	69602376	83999646	112.628	2
chr16	84005733	90142341	169.583	2
chr17	5976	2239749	107.696	1
chr17	2240959	4451957	115.261	2
chr17	4452599	6909371	107.349	1
chr17	6909769	8243829	105.485	1
chr17	8248184	16946307	88.3833	1
chr17	16960920	18181696	134.479	2
chr17	18183814	22023562	92.5225	1
chr17	25620906	28165988	125.782	2
chr17	28175843	34848765	114.84	2
chr17	34849737	38520190	102.232	2
chr17	38545745	39738802	126.677	2
chr17	39739645	39846486	243.69	3
chr17	39847010	41199742	107.24	2
chr17	41201030	58260823	107.667	2
chr17	58262785	61895792	115.108	2
chr17	61897139	61911098	94.0519	1
chr17	61911234	76425412	138.6	2
chr17	76430078	81052359	177.462	3
chr18	47365	14852491	119.231	2
chr18	18531302	78005267	123.147	2
chr19	71975	625272	195.008	3
chr19	629510	1295862	180.875	2
chr19	1298524	9922420	167.044	2
chr19	9923897	11325334	153.084	2
chr19	11326029	12757572	159.314	3
chr19	12758023	14640477	175.276	2
chr19	14640481	15228845	151.906	3
chr19	15229955	16186557	218.57	3
chr19	16186829	17322607	164.963	3
chr19	17322672	19466220	168.161	2
chr19	19466495	24310806	139.903	3
chr19	28449407	35449979	235.516	5
chr19	35449979	36692986	245.928	4
chr19	36727309	38709333	215.533	4
chr19	38709547	40513295	244.433	4
chr19	40514351	40847827	321.304	5
chr19	40847881	41307055	328.721	5
chr19	41307055	41388160	384.262	6
chr19	41497189	42938039	251.306	4
chr19	42946870	43866497	248.408	5
chr19	43910630	44285029	237.955	3
chr19	44301720	45021312	216.663	4
chr19	45024482	50412269	244.177	3
chr19	50412269	53156894	244.22	4
chr19	53156913	53571731	234.291	5
chr19	53571848	53770292	177.839	4
chr19	53770323	54265646	225.921	5
chr19	54290894	56056817	276.434	4
chr19	56056818	56160995	252.441	3
chr19	56163768	59084027	225.853	4
chr20	68326	25755949	119.91	2
chr20	29521981	39706295	119.081	2
chr20	39708691	55942154	141.709	2
chr20	55943737	62919271	187.208	3
chr21	9826177	28338456	89.5274	2
chr21	30248674	44450251	94.8223	2
chr21	44475829	48083490	172.22	2
chr22	16258263	19055771	156.029	3
chr22	19076847	20325761	113.67	2
chr22	20328497	20460788	206.101	3
chr22	20460788	21481965	114.304	2
chr22	21562392	34157486	148.453	2
chr22	35463055	43564207	155.273	2
chr22	43564748	50927901	173.533	3
chr22	50927929	51220743	169.101	2
chrX	200833	45060108	73.9588	1
chrX	45605560	48047111	77.6721	1
chrX	48049534	48326336	79.5291	1
chrX	48327241	49065166	81.7928	1
chrX	49065573	52936458	76.8305	1
chrX	52936458	53966974	135.146	3
chrX	53970531	57936882	103.258	2
chrX	62569917	72900872	99.0731	2
chrX	73018675	73524630	143.676	3
chrX	73641435	79699235	86.5537	2
chrX	79932084	80377085	112.625	3
chrX	80457674	83730433	80.722	2
chrX	84258891	85236829	115.071	3
chrX	85237629	94318325	103.903	2
chrX	95990731	146360887	121.259	3
chrX	146363426	153138721	164.035	3
chrX	153141181	154774973	174.535	3
chrX	155003512	155240107	97.05	2
chrY	2654995	6958252	119.563	2
chrY	6959479	9368118	393.075	6
chrY	14821358	15029008	95.0209	2
chrY	15029289	15817146	38.2791	0
chrY	16097725	20935490	104.15	2
chrY	21643466	23548168	36.1804	0
chrY	23673169	25281434	154.161	3
chrY	25283597	27042712	284.627	6
chrY	27047237	27770679	106.458	2
