chr1	17345	871302	166.643	2
chr1	874398	2411775	88.5786	1
chr1	2415856	6610701	98.2367	1
chr1	6614140	12835315	83.1657	1
chr1	12835741	13696118	128.083	2
chr1	13697342	16479742	89.5089	1
chr1	16482319	47030823	77.9236	1
chr1	47034089	118042192	77.7836	1
chr1	118045448	121116841	109.369	2
chr1	143897518	145698971	222.392	4
chr1	145698976	148354401	260.76	5
chr1	148577549	151112600	205.353	4
chr1	151118025	152006309	101.998	2
chr1	152052038	152275690	158.66	3
chr1	152275690	152287246	254.626	3
chr1	152287768	153431511	140.101	2
chr1	153507138	154901692	101.014	2
chr1	154909045	155235768	90.3987	1
chr1	155236490	155874333	125.368	2
chr1	155874499	157068543	104.694	2
chr1	157068545	159857817	115.779	2
chr1	159858118	161475833	107.533	2
chr1	161476088	166816854	117.566	2
chr1	166818145	196703870	95.3901	2
chr1	196705945	197113266	116.444	2
chr1	197115235	201079439	100.39	2
chr1	201081292	207244936	87.3695	1
chr1	207245516	207956712	111.316	2
chr1	207958384	208391348	88.1852	1
chr1	209602634	236157206	106.004	2
chr1	236175193	249212605	145.166	3
chr2	41575	3894784	137.419	2
chr2	5832822	20885460	105.277	2
chr2	20886637	24107782	112.8	2
chr2	24108573	27156246	97.6635	2
chr2	27157412	29041990	90.0504	1
chr2	29045165	74058220	94.0972	2
chr2	74071917	74903066	84.6973	1
chr2	74906367	85617652	97.4779	2
chr2	85626232	86010808	78.8137	1
chr2	86067237	87017631	91.3843	1
chr2	87017872	88328105	140.79	2
chr2	88367351	89309697	91.9175	1
chr2	89309806	90414312	133.199	2
chr2	95541340	96078320	90.813	1
chr2	96078392	96657484	126.456	2
chr2	96687877	97756076	89.5531	1
chr2	97757173	98273430	126.616	2
chr2	98273886	106694415	88.9514	1
chr2	106710446	112773493	106.312	2
chr2	112776965	131130802	94.2875	2
chr2	131220352	189599660	100.122	2
chr2	189839193	217525534	93.1682	2
chr2	217526463	220471883	104.442	1
chr2	220472742	230914656	104.07	2
chr2	230923723	241622292	123.739	2
chr2	241631303	241817071	180.784	3
chr2	241817413	242842550	142.56	2
chr3	361433	11567594	143.515	2
chr3	11596261	32148287	103.098	2
chr3	32169542	47322500	90.8842	1
chr3	47323960	48598569	83.3498	1
chr3	48600191	48625872	134.179	2
chr3	48626041	52685839	83.5143	1
chr3	52692189	89528678	85.2575	1
chr3	93593063	121822733	82.9987	1
chr3	121825020	124398520	105.604	2
chr3	124412625	141621079	85.5862	1
chr3	141622439	172472471	90.9653	1
chr3	172473060	183695443	116.06	2
chr3	183696268	184104742	123.557	2
chr3	184104813	189597998	125.548	2
chr3	189604160	197896742	112.425	2
chr4	85606	6325353	92.9693	1
chr4	6330966	9390751	120.254	2
chr4	9446227	13601033	74.4708	1
chr4	13601034	13612735	119.255	2
chr4	13615114	31144498	66.623	1
chr4	36069503	38982644	94.4202	1
chr4	38987928	49034764	102.716	2
chr4	49046778	56308817	77.2376	1
chr4	56309818	57286239	87.4395	1
chr4	57291517	144109125	77.2865	1
chr4	144116843	148441147	93.7073	1
chr4	148453630	151177434	106.317	2
chr4	151186850	153886168	123.093	2
chr4	153889110	191012334	90.4949	1
chr5	113335	15500846	148.939	3
chr5	15580868	45696231	119.037	2
chr5	49695071	56233558	97.9658	2
chr5	56234677	127697571	88.45	1
chr5	127700261	140166758	95.7581	2
chr5	140166758	140741231	136.697	2
chr5	140741366	142437334	114.574	1
chr5	142437359	147719302	123.962	2
chr5	147774312	154292613	132.338	2
chr5	154296532	180794995	146.064	2
chr6	304600	26017996	148.097	3
chr6	26020684	28554197	150.759	2
chr6	28554203	33543265	98.2486	1
chr6	33543536	37787812	135.663	2
chr6	37897711	39824281	137.43	3
chr6	39828676	44390565	137.844	2
chr6	44392120	57372383	134.521	3
chr6	62362141	76751875	130.776	3
chr6	76782107	154331732	109.099	2
chr6	154332112	170893711	107.023	2
chr7	19080	5330509	189.971	3
chr7	5330732	5663774	154.925	2
chr7	5680752	5942400	142.207	3
chr7	5944703	6006727	226.314	4
chr7	6012998	25266672	154.326	3
chr7	25267887	44580883	140.336	3
chr7	44605847	45103627	105.202	2
chr7	45104032	57529637	135.457	3
chr7	63081437	75186148	119.659	2
chr7	75186926	99569659	96.4627	2
chr7	99573535	100486916	93.4689	1
chr7	100488548	100647526	183.209	3
chr7	100647558	138954285	101.95	2
chr7	138957045	155457983	121.116	2
chr7	155465538	158937503	132.391	2
chr8	28880	1905169	122.404	2
chr8	1905169	7309857	108.599	2
chr8	7318895	11970148	86.8467	1
chr8	11970186	12576799	70.5259	1
chr8	12580574	22412154	99.6416	1
chr8	22412354	22463717	91.2772	1
chr8	22464089	33455068	97.5313	1
chr8	35401937	43212029	118.937	2
chr8	48114029	104778779	117.476	2
chr8	104831726	135817200	128.422	2
chr8	136470076	142176510	125.397	2
chr8	142178077	144991070	162.616	3
chr8	144991070	146279551	152.099	2
chr9	14820	33989163	133.54	2
chr9	33996198	38577293	124.764	2
chr9	38577776	40706408	164.401	3
chr9	40772399	40789313	59.5224	1
chr9	41500723	47314357	144.263	2
chr9	65503489	70919141	146.232	2
chr9	70972018	87425529	78.9026	1
chr9	87475933	132620904	102.895	2
chr9	132623188	141124279	131.461	2
chr10	92975	5436191	149.458	2
chr10	5436191	38408349	120.183	2
chr10	42746448	53888330	113.214	2
chr10	53893575	61962869	132.459	3
chr10	61965526	70931044	104.878	2
chr10	70940015	81850268	103.896	2
chr10	81850589	88696895	91.6026	1
chr10	88702051	88731841	63.3308	1
chr10	88761446	96698634	90.5793	1
chr10	96701586	99771120	116.461	2
chr10	99790171	105814778	96.5236	1
chr10	105815094	129902559	102.337	2
chr10	129902559	135440119	123.682	2
chr11	168980	836889	164.312	2
chr11	837225	3069280	177.736	3
chr11	3078545	6292079	144.375	2
chr11	6292079	6662975	150.819	2
chr11	6685187	34910018	135.033	2
chr11	34910264	48158844	122.375	2
chr11	48161002	51516240	133.437	3
chr11	55110645	56468819	146.472	3
chr11	56510280	60971132	122.288	2
chr11	60971557	61016024	238.652	3
chr11	61017117	62285947	116.557	2
chr11	62285947	62300444	176.753	3
chr11	62300444	64592019	109.001	2
chr11	64594118	65685709	106.404	1
chr11	65686947	67236686	111.908	2
chr11	67250318	71293929	133.101	2
chr11	71498547	75501374	119.178	2
chr11	75501682	89224433	124.241	2
chr11	89371698	89666011	166.699	3
chr11	89666013	124792755	133.376	2
chr11	124793210	134257772	157.101	3
chr12	176056	6347016	126.89	2
chr12	6421358	7252660	125.184	2
chr12	7254391	10133363	114.358	2
chr12	10134595	27070698	96.1254	2
chr12	27075527	31237026	79.3516	1
chr12	31237483	31311930	132.695	2
chr12	31440533	34179876	88.811	1
chr12	38710670	48096658	84.3254	1
chr12	48104555	50492813	86.4072	1
chr12	50498321	53346168	93.1711	1
chr12	53346417	55420688	77.8092	1
chr12	55420688	56094197	104.558	2
chr12	56094657	57535314	77.4175	1
chr12	57547967	57600549	146.919	2
chr12	57602467	58335740	79.9397	1
chr12	58340747	113863525	88.5554	1
chr12	113863920	124171612	107.76	2
chr12	124172576	133446457	121.816	2
chr12	133447278	133810989	96.0625	1
chr13	19748081	24247700	112.358	2
chr13	24304463	25265430	163.046	3
chr13	25266532	25671507	109.122	2
chr13	25671507	51915529	101.27	2
chr13	51918363	55748718	126.971	2
chr13	57715415	58299430	121.231	1
chr13	60240694	61147794	117.218	2
chr13	61773909	70681877	167.76	3
chr13	72049246	73547875	226.535	4
chr13	73572937	76457259	170.058	3
chr13	77459279	80911884	123.193	2
chr13	84452832	95364335	213.388	4
chr13	95673806	99030192	123.963	2
chr13	99036948	99970339	209.984	4
chr13	99992540	100295422	116.324	2
chr13	100425045	100637962	191.741	3
chr13	100755115	101736171	259.287	5
chr13	101741981	101777071	101.796	2
chr13	101795401	103486921	289.624	5
chr13	103490970	108518984	156.693	3
chr13	108860853	108959321	294.899	5
chr13	109282163	111811416	186.962	3
chr13	111829777	115091787	207.965	3
chr14	19377570	20482459	174.796	3
chr14	20482466	33016225	132.75	2
chr14	33046301	33293752	163.709	3
chr14	33293752	35343844	145.548	3
chr14	35465891	36011262	194.973	4
chr14	36018281	38724239	241.432	5
chr14	38724239	39651091	177.397	3
chr14	39703286	52308321	224.276	4
chr14	52380909	63671805	177.915	3
chr14	63735805	82000112	103.088	1
chr14	85994994	91810037	98.7256	1
chr14	91825963	94849137	124.308	2
chr14	94849137	96758447	107.129	2
chr14	96761273	99969338	128.571	2
chr14	99969926	101488488	122.949	2
chr14	101489636	105996160	142.476	2
chr14	106053471	107283259	191.466	3
chr15	20170017	23610200	126.807	2
chr15	23684664	28596956	91.362	1
chr15	28596981	31229475	119.744	2
chr15	31233645	45983263	98.2583	1
chr15	48051971	73852272	96.9932	1
chr15	73854219	77241589	99.0075	1
chr15	77287100	102513814	109.842	2
chr16	64630	1995943	138.872	2
chr16	1996601	2607997	130.564	2
chr16	2611741	2647307	210.356	3
chr16	2732516	12031476	125.567	2
chr16	12035041	14782228	79.9097	1
chr16	14787956	15068700	146.879	2
chr16	15068711	16326705	97.2389	1
chr16	16330748	18569123	159.95	3
chr16	18573173	18911351	92.2878	2
chr16	19020472	19085390	150.82	3
chr16	19087007	34257287	94.5905	1
chr16	46615619	66861567	81.1233	1
chr16	66861874	68110646	77.2241	1
chr16	68112324	70841985	85.1261	1
chr16	70843663	71196646	135.65	3
chr16	71209483	85712292	101.856	1
chr16	85715164	88105403	148.316	2
chr16	88105409	90142341	129.519	2
chr17	5976	2241059	90.9946	1
chr17	2246804	4576994	97.4104	1
chr17	4577776	8192212	91.6007	1
chr17	8192244	18286924	113.51	2
chr17	18291519	18745717	155.097	3
chr17	18761203	21731536	113.724	2
chr17	25620906	28175986	119.8	2
chr17	28252392	30500971	114.897	2
chr17	30502310	34848765	147.041	3
chr17	34849737	38512996	121.236	2
chr17	38517220	39845336	150.522	3
chr17	39846120	44373297	130.615	2
chr17	44373301	45713986	143.381	3
chr17	45726728	53155582	127.229	2
chr17	53156011	62511925	117.973	2
chr17	62512817	76388767	139.934	2
chr17	76392363	81052359	161.176	3
chr18	47365	14852400	138.174	2
chr18	18531302	78005267	129.439	2
chr19	71975	9204047	108.652	1
chr19	9204093	12188560	95.5591	1
chr19	12203239	24310806	117.072	2
chr19	28449407	39201014	196.095	3
chr19	39201902	40030760	184.059	3
chr19	40093174	40505492	209.076	3
chr19	40511981	41313197	153.675	2
chr19	41313354	42573150	170.556	3
chr19	42582705	43233511	156.079	2
chr19	43233930	43922585	198.699	3
chr19	43965470	45465369	153.406	2
chr19	45476310	45579656	208.677	3
chr19	45593346	45873834	155.505	2
chr19	45882946	46266717	221.838	3
chr19	46267206	47524445	157.132	2
chr19	47524837	50394374	142.502	2
chr19	50394640	59084027	147.606	2
chr20	68326	3302942	140.355	2
chr20	3303267	4055623	116.327	2
chr20	4155677	25755949	128.247	2
chr20	29521981	43438933	133.857	2
chr20	43530147	44430116	239.798	4
chr20	44430605	44523782	208.051	3
chr20	44525580	47859252	230.787	4
chr20	47860138	49626898	202.948	3
chr20	50007903	58180205	251.399	4
chr20	58318131	60639776	280.26	5
chr20	60640624	62904970	261.502	4
chr21	9826177	10969134	197.502	3
chr21	10969971	28338456	110.947	2
chr21	30248674	44450251	121.567	2
chr21	44475829	48083490	182.89	3
chr22	16258263	18783165	165.034	3
chr22	18834344	20791941	125.353	2
chr22	20791946	21481277	103.214	2
chr22	21481302	34157486	145.487	2
chr22	35463055	43564207	150.135	2
chr22	43564748	50960497	158.975	2
chr22	50960579	51220743	148.609	2
chrX	200833	2700190	103.324	2
chrX	2707649	46356636	168.962	3
chrX	46359242	57936882	163.478	2
chrX	62569917	120181757	149.266	2
chrX	120181757	142718723	156.349	3
chrX	142718724	154774973	206.444	3
chrX	155003512	155240107	118.44	2
chrY	2722615	2848077	0	0
chrY	3447264	5606013	32.7626	0
chrY	6114284	15372303	0.293814	0
chrY	16097725	16952916	24.5602	0
chrY	20709669	27770228	0	0
