chr1	17345	866500	238.454	3
chr1	871123	4772262	117.875	2
chr1	4772262	6605252	141.471	2
chr1	6609605	9775856	106.579	1
chr1	9776470	9787135	260.452	3
chr1	9790530	12815801	102.47	1
chr1	12819286	13696118	185.835	3
chr1	13698062	26582381	112.067	1
chr1	26584066	33797098	90.9005	1
chr1	33797852	43812334	104.127	1
chr1	43812428	46807625	93.3838	1
chr1	46807629	57258209	94.91	1
chr1	57258209	101479415	101.36	2
chr1	101487172	109010302	119.794	2
chr1	109013211	115238224	105.475	2
chr1	115251122	121116841	107.299	2
chr1	143897518	145303960	165.109	2
chr1	145416284	145791203	87.9274	1
chr1	145803273	149859248	139.458	2
chr1	149859289	152058731	95.9602	1
chr1	152058731	152275690	175.542	2
chr1	152275690	152286065	278.2	3
chr1	152286065	153507334	147.731	2
chr1	153507653	156714939	98.7802	1
chr1	156715060	156821270	111.457	2
chr1	156830695	156851466	286.24	3
chr1	156873695	158224541	91.8034	1
chr1	158224848	159036142	120.553	2
chr1	159038333	161018830	107.934	2
chr1	161018830	161197541	104.023	1
chr1	161197643	185286622	107.041	2
chr1	185286681	196714988	116.319	2
chr1	196714995	197157599	140.85	3
chr1	197160800	201177950	121.729	2
chr1	201177950	201181025	340.062	4
chr1	201181032	201380680	129.354	2
chr1	201382137	207244936	104.305	1
chr1	207245516	228402807	113.709	2
chr1	228403236	228557971	180.003	2
chr1	228558691	237532937	116.508	2
chr1	237537993	248097570	132.884	2
chr1	248097570	249106605	184.363	3
chr1	249107166	249212605	163.534	2
chr2	41575	3729343	167.161	3
chr2	3730510	24024383	127.467	2
chr2	24033153	27248645	116.067	2
chr2	27248722	29137079	108.657	1
chr2	29140725	74605418	112.028	2
chr2	74617677	74776746	100.217	1
chr2	74777282	85570520	119.077	2
chr2	85570737	86719282	107.155	1
chr2	86734572	88327800	151.589	3
chr2	88327800	89049621	100.444	2
chr2	89160054	90411303	171.151	3
chr2	95618854	96781902	134.003	2
chr2	96799678	97756076	105.286	1
chr2	97757173	98382759	164.227	3
chr2	98382911	128932468	114.276	2
chr2	128934363	132238158	162.306	2
chr2	132238202	162275582	115.232	2
chr2	162276685	168115191	126.664	2
chr2	168115191	179427283	114.546	2
chr2	179427291	189447323	131.463	2
chr2	189448964	201438726	113.897	2
chr2	201440008	204259608	103.828	2
chr2	204259774	219029972	119.472	2
chr2	219082170	220480094	125.266	2
chr2	220480407	228029558	127.474	2
chr2	228102655	241633995	146.561	2
chr2	241637538	241812480	217.243	3
chr2	241813363	242842550	172.084	2
chr3	361433	9793666	145.466	2
chr3	9796358	10320176	134.004	2
chr3	10320538	32207425	138.441	2
chr3	32280442	39147990	120.312	2
chr3	39148228	42642584	111.812	2
chr3	42659037	47287023	129.138	2
chr3	47287655	48600585	108.601	1
chr3	48601816	48625872	195.486	2
chr3	48626041	52825684	111.064	1
chr3	52830474	57469256	111.054	2
chr3	57475203	58641316	101.927	1
chr3	58728163	89528678	116.738	2
chr3	93593063	97753850	115.91	2
chr3	97805992	98217508	160.63	3
chr3	98234577	111432984	114.237	2
chr3	111564634	124412694	115.653	2
chr3	124413145	129324969	111.346	2
chr3	129370301	143691851	109.876	2
chr3	143691999	185775038	123.832	2
chr3	185775184	197896742	146.966	2
chr4	67697	9212859	156.757	2
chr4	9212859	9446330	257.226	4
chr4	9452062	9828241	122.907	2
chr4	9836479	31144498	116.505	2
chr4	36069503	191013694	118.551	2
chr5	113335	1816046	205.384	3
chr5	1878051	31536030	147.703	2
chr5	31538343	45696231	124.858	2
chr5	49695071	72469723	117.442	2
chr5	72742762	72850232	72.3385	1
chr5	72850660	132099624	118.992	2
chr5	132099891	140166037	114.913	2
chr5	140166159	140810784	173.999	2
chr5	140810791	142254757	137.202	2
chr5	142258914	148207402	126.256	2
chr5	148207402	154311841	135.779	2
chr5	154315367	170721005	140.263	2
chr5	170722864	177034565	151.848	2
chr5	177035516	180795249	167.234	2
chr6	304600	28554197	142.044	2
chr6	28554203	33411494	83.8013	1
chr6	33411494	37429449	127.44	2
chr6	37429723	41562761	127.605	2
chr6	41564888	44390565	126.618	2
chr6	44392120	57372383	123.928	2
chr6	62284211	70589673	131.399	2
chr6	70608832	160448372	121.667	2
chr6	160450550	170893711	154.399	2
chr7	19080	2687701	172.914	2
chr7	2689177	4249801	190.461	3
chr7	4259718	39612333	132.782	2
chr7	39649183	56122216	120.395	2
chr7	56123286	56894765	69.6464	1
chr7	56900301	57529637	130.775	2
chr7	63081437	72892930	132.51	2
chr7	72903495	77402666	121.147	2
chr7	77407621	97822151	120.997	2
chr7	97822151	99245180	111.142	2
chr7	99245900	99377763	142.292	3
chr7	99381650	100348916	106.532	1
chr7	100349305	100377395	220.069	3
chr7	100382209	100486916	98.0654	1
chr7	100488548	100687128	200.534	3
chr7	100691233	103019049	116.038	2
chr7	103019665	141364884	124.779	2
chr7	141364960	152498831	156.591	2
chr7	152511606	158937503	162.649	3
chr8	28880	7830325	166.701	3
chr8	7833870	10465962	111.928	2
chr8	10466077	21856863	139.395	2
chr8	21857012	22476558	144.606	2
chr8	22476639	27472322	144.705	2
chr8	27491687	30695071	127.094	2
chr8	30695071	36691209	133.983	2
chr8	36692268	38832281	119.229	2
chr8	38832514	43212029	126.423	2
chr8	48114029	49641729	112.527	2
chr8	49642257	94147052	126.292	2
chr8	94147579	104892932	119.287	2
chr8	104897501	120810116	135.551	2
chr8	120814008	131370411	130.361	2
chr8	131373889	144463555	159.059	2
chr8	144463713	146279551	166.792	2
chr9	14820	32631200	119.583	2
chr9	32631203	32635614	220.695	3
chr9	32784158	39359886	128.008	2
chr9	39360014	47314357	164.542	3
chr9	65503489	70918820	173.718	3
chr9	70918823	84545090	116.031	2
chr9	84545348	84607491	220.84	3
chr9	84607491	90503772	117.835	2
chr9	90532918	90753346	188.728	3
chr9	91041433	103055360	125.009	2
chr9	103059177	109765734	133.324	2
chr9	109771799	133236030	136.135	2
chr9	133237371	140611647	170.608	2
chr9	140622778	141124279	194.972	3
chr10	92975	1720555	177.582	3
chr10	1779219	35930379	133.024	2
chr10	36811720	38408349	147.829	3
chr10	42746448	47167216	142.44	2
chr10	47168506	69991211	121.554	2
chr10	69991211	77191521	111.945	2
chr10	77198123	106118407	125.971	2
chr10	106121751	116621322	128.841	2
chr10	116623385	118618661	135.045	3
chr10	118620272	127685229	136.974	2
chr10	127685966	135440119	162.747	3
chr11	168980	6292555	169.873	2
chr11	6292555	10472610	143.428	2
chr11	10477906	16205517	149.935	2
chr11	16208303	17393801	111.526	1
chr11	17393801	17627692	156.642	2
chr11	17629814	24518875	116.029	2
chr11	24750687	28134931	133.843	2
chr11	28134933	33127299	108.559	2
chr11	33127393	35684876	110.269	1
chr11	35684876	48157878	125.922	2
chr11	48158532	51516000	138.123	3
chr11	55029720	56468819	149.064	3
chr11	56510280	57886323	129.075	2
chr11	57886323	60566026	121.897	2
chr11	60567268	60890536	123.207	2
chr11	60892472	61026350	227.344	3
chr11	61026350	62286468	116.207	2
chr11	62286468	62300732	193.49	2
chr11	62300732	62678309	121.958	1
chr11	62678309	63256488	122.424	2
chr11	63257693	70185434	126.421	2
chr11	70189750	71532549	152.053	2
chr11	71544217	74460467	121.341	2
chr11	74500642	89371811	126.442	2
chr11	89372373	89820329	166.551	3
chr11	89867903	118416891	132.264	2
chr11	118422466	120336095	143.232	2
chr11	120337875	122968696	139.141	2
chr11	123065586	130784621	156.726	2
chr11	130784633	134257772	177.846	3
chr12	176056	6184757	153.023	2
chr12	6204603	7277342	150.617	2
chr12	7280236	11905546	133.677	2
chr12	11992050	20870173	120.635	2
chr12	20874705	24365459	121.467	2
chr12	24970908	25656745	146.008	3
chr12	25671703	34179876	115.481	2
chr12	38710670	40873453	110.464	2
chr12	40873453	40885137	188.658	3
chr12	40892023	48073574	110.404	2
chr12	48075445	52642004	115.57	2
chr12	52681002	53201696	166.723	2
chr12	53202052	54971119	105.165	1
chr12	54971147	56094197	143.155	2
chr12	56094657	57535314	106.03	1
chr12	57538987	57606371	219.572	3
chr12	57618829	59917273	106.514	1
chr12	59917450	70713156	115.242	2
chr12	70723174	91366780	122.369	2
chr12	91371835	113837001	124.733	2
chr12	113837335	122018833	158.614	2
chr12	122064620	124364361	140.536	2
chr12	124366161	133448995	180.122	3
chr12	133454118	133697374	110.141	2
chr12	133697383	133810989	189.823	3
chr13	19748081	48951209	135.297	2
chr13	48953715	53007890	123.822	2
chr13	53008902	80911602	137.063	2
chr13	84452832	100861730	135.676	2
chr13	100888065	115091787	158.133	2
chr14	19377570	21109615	185.296	3
chr14	21109615	23999008	149.715	2
chr14	24000657	25076641	153.246	2
chr14	25076784	50044604	161.08	3
chr14	50050288	73822483	122.112	2
chr14	73945282	74755516	108.718	1
chr14	74755836	81994121	129.143	2
chr14	85994994	106067176	135.933	2
chr14	106067205	106331914	245.368	3
chr14	106346861	106380268	282.892	5
chr14	106382662	107283259	215.194	3
chr15	20170017	22744375	230.629	3
chr15	22835878	23062340	116.399	2
chr15	23086204	23609956	228.972	3
chr15	23610101	28544594	132.869	2
chr15	28566476	28955764	207.873	3
chr15	28956626	38988965	138.394	2
chr15	38990332	45983263	128.661	2
chr15	48051971	54307838	120.852	2
chr15	54307838	54916177	134.654	3
chr15	54919002	63046152	129.741	2
chr15	63047708	76254354	133.443	2
chr15	76301510	102513814	147.664	2
chr16	64630	1888004	183.548	2
chr16	1888097	3487263	169.887	2
chr16	3487263	11533469	170.197	2
chr16	11534554	28944846	121.317	2
chr16	28946742	31486101	125.696	1
chr16	31494427	33659106	204.921	3
chr16	46615619	53191484	117.643	2
chr16	53242194	66885477	111.007	2
chr16	66885544	67304921	97.9321	1
chr16	67313919	67321115	275.003	3
chr16	67321779	68358783	103.003	1
chr16	68362934	70841515	116.779	2
chr16	70841528	71603881	129.081	2
chr16	71604138	72056411	101.284	2
chr16	72057024	88601423	149.133	2
chr16	88643508	90142341	189.817	3
chr17	5976	2651495	134.306	2
chr17	2699798	4579493	139.291	2
chr17	4579616	7918399	133.921	2
chr17	7918614	8013351	185.248	2
chr17	8013384	8272950	138.493	1
chr17	8272950	10544692	136.126	2
chr17	10545530	16875416	119.013	2
chr17	16946045	20163618	109.502	1
chr17	20200238	22023562	154.594	2
chr17	25620906	26882122	146.395	2
chr17	26883158	33510639	122.848	2
chr17	33513285	34853435	145.721	2
chr17	34854087	39140295	106.494	1
chr17	39140295	39846221	156.642	2
chr17	39846405	42397521	108.815	1
chr17	42397538	42751598	159.205	2
chr17	42754283	43923837	112.126	1
chr17	44039666	44896000	159.416	2
chr17	44962299	48629052	110.38	1
chr17	48629307	59545055	111.125	2
chr17	59555965	74777341	137.374	2
chr17	74865089	81052359	167.332	2
chr18	47365	14124530	125.309	2
chr18	14511735	14852491	134.151	3
chr18	18531302	61558875	123.028	2
chr18	61562465	78005267	144.876	2
chr19	71975	9639609	159.86	2
chr19	9639609	20003553	146.306	2
chr19	20011791	24310806	130.591	2
chr19	28449407	33392331	131.625	2
chr19	33406220	37117439	140.589	2
chr19	37117439	38380595	142.226	2
chr19	38380595	40519782	139.545	2
chr19	40519782	40746029	162.343	2
chr19	40747821	41800615	148.336	2
chr19	41807409	42721188	167.004	2
chr19	42728525	43226125	149.712	2
chr19	43226170	43772299	185.798	3
chr19	43773520	44273189	151.715	2
chr19	44273520	45176265	155.517	2
chr19	45179520	50463120	152.025	2
chr19	50463370	54265646	157.566	2
chr19	54290894	56180184	162.486	2
chr19	56180423	59084027	156.276	2
chr20	68326	25755949	147.386	2
chr20	29521981	35317230	147.471	2
chr20	35328812	35826913	113.252	2
chr20	35827427	52790151	149.045	2
chr20	52830863	62904970	170.701	2
chr21	10906941	11049644	228.566	4
chr21	11097529	28338456	123.717	2
chr21	30248674	33074709	128.113	2
chr21	33076053	38385936	117.833	2
chr21	38390148	44450251	130.388	2
chr21	44475829	48084325	195.747	3
chr22	16258263	19164239	164.743	2
chr22	19164337	21481965	118.927	2
chr22	21562392	25291280	166.006	2
chr22	25293910	25437518	110.648	1
chr22	25445165	34157486	159.573	2
chr22	35463055	37903988	179.15	2
chr22	37904509	43583113	162.551	2
chr22	43599978	51220743	175.024	2
chrX	200833	2748275	120.571	2
chrX	2761115	44970675	189.261	3
chrX	45010872	57936882	187.073	3
chrX	62569917	136112540	172.019	3
chrX	136112540	152845800	201.656	3
chrX	152853609	155240107	218.398	3
chrY	2654995	2844878	0.224912	0
chrY	2845959	6115911	24.9606	0
chrY	6116114	9368118	0.9815	0
chrY	14821358	27770228	1.17835	0
