chr1	69090	120935894	121.441	2
chr1	142865650	249212562	127.849	2
chr2	41607	90266138	110.956	2
chr2	95236829	179391238	110.948	2
chr2	179391738	179465898	190.476	3
chr2	179465991	179516694	166.222	3
chr2	179516822	179528437	329.778	5
chr2	179528545	179699167	163.847	3
chr2	179701620	242841481	110.733	2
chr3	150500	90582635	121.283	2
chr3	93442090	197894742	107.786	2
chr4	85621	49063907	116.4	2
chr4	52556926	190948359	102.162	2
chr5	140422	46437048	111.163	2
chr5	49546535	139748244	100.665	2
chr5	139750679	139918926	208.623	3
chr5	139918943	140080063	133.486	2
chr5	140080403	140229980	313.255	3
chr5	140229980	140855183	237.544	2
chr5	140855683	180795226	125.451	2
chr6	150500	58705838	125.223	2
chr6	61836495	170893669	100.429	2
chr7	150500	58131487	122.33	2
chr7	61288486	158937463	129.461	2
chr8	116085	43511793	109.414	2
chr8	48001122	146279543	119.421	2
chr9	14806	46618639	121.033	2
chr9	65503781	141124256	121.021	2
chr10	92996	36375914	101.926	2
chr10	36375914	38408313	146.033	3
chr10	43088060	135439503	114.456	2
chr11	193099	51516211	129.968	2
chr11	54876524	134257741	129.653	2
chr12	150500	34935324	107.326	2
chr12	37804226	133810942	113.676	2
chr13	18999524	90414096	103.695	2
chr13	91009261	115091756	110.852	2
chr14	18926469	20404761	290.264	3
chr14	20443677	23852529	138.606	2
chr14	23853650	24004278	191.444	2
chr14	24004278	43749996	121.069	2
chr14	44208702	105996131	117.418	2
chr15	20743529	37531476	125.042	2
chr15	37949405	102463262	121.485	2
chr16	97429	35214333	141.474	2
chr16	46465129	58564251	116.832	2
chr16	58565859	58700788	177.378	3
chr16	58701288	69965130	139.171	2
chr16	69965411	70220430	176.921	3
chr16	70284984	90142318	134.965	2
chr17	6010	21454713	135.506	2
chr17	25621421	59560877	129.092	2
chr17	59561377	61086987	140.596	3
chr17	61087487	61995866	148.244	2
chr17	62006585	81052320	132.574	2
chr18	158698	14852479	105.805	2
chr18	18531344	78005231	109.375	2
chr19	281387	2805174	139.26	2
chr19	2806914	2977731	204.26	3
chr19	2978231	9362739	141.204	2
chr19	9406150	9947551	168.664	3
chr19	9949111	11688132	137.069	2
chr19	11688632	12740074	207.739	3
chr19	12757433	15728955	139.218	2
chr19	15730300	16129659	209.712	3
chr19	16129811	19774475	132.055	2
chr19	19779772	24760172	175.461	3
chr19	27902397	33137521	143.09	2
chr19	33140587	35085468	106.339	2
chr19	35085968	35258316	196.506	3
chr19	35260333	35433577	128.851	2
chr19	35434126	35451898	254.499	3
chr19	35454533	35977829	142.486	2
chr19	35978329	36046714	160.414	2
chr19	36047814	36642657	142.743	2
chr19	36643294	38388934	178.327	3
chr19	38389434	40364435	135.076	2
chr19	40366027	40408848	327.04	3
chr19	40411637	40503733	159.711	2
chr19	40504233	40591271	195.645	3
chr19	40591771	43228177	145.992	2
chr19	43242875	43702427	195.95	3
chr19	43708037	44341331	146.102	2
chr19	44351090	44983626	194.29	3
chr19	44988571	45117301	111.362	2
chr19	45126999	51607572	134.877	2
chr19	51608326	52328063	162.531	2
chr19	52328563	52693427	196.289	3
chr19	52693927	52780452	91.8399	1
chr19	52780708	54137939	219.715	3
chr19	54139849	54720782	127.111	2
chr19	54720782	54866376	215.513	2
chr19	54866876	55020295	134.658	2
chr19	55021735	55295265	186.282	3
chr19	55315345	56114273	148.476	2
chr19	56114773	56127408	124.136	1
chr19	56127408	56696639	152.863	2
chr19	56701195	57764711	170.122	2
chr19	57764711	58455428	220.258	3
chr19	58458809	59083999	196.314	2
chr20	68350	26417086	119.871	2
chr20	29521966	43561826	125.689	2
chr20	43564031	62904953	143.312	2
chr21	10159466	40194813	112.065	2
chr21	40547371	45953806	119.49	2
chr21	45959184	46067272	431.833	3
chr21	46074192	48084286	137.041	2
chr22	16275206	20380326	138.923	2
chr22	20456381	20709654	369.024	3
chr22	20709654	21571022	138.328	2
chr22	21738147	21796620	448.247	3
chr22	21797120	21821903	205.751	2
chr22	21822182	21921335	390.981	3
chr22	21921835	27026451	132.795	2
chr22	27506715	51220738	130.238	2
chrX	295056	58535043	125.073	2
chrX	61822336	155004401	134.696	2
chrY	150854	2654529	68.5387	1
chrY	2733128	10125858	10.3973	0
chrY	13003452	27039521	3.09446	0
chrY	27047822	59343080	58.4604	1
